00000000000000
00001111111011
00011110110101
00101011110100
00110110000010
00111100111000
00111111111000
00111110110111
00111001111010
00110001010100
00100101101000
00010111100100
00001000000001
11110111111111
11101000011100
11011010011000
11001110101100
11000110000110
11000001001001
11000000001000
11000011001000
11001001111110
11010100001100
11100001001011
11110000000101
00000000000000
00001111111011
00011110110101
00101011110100
00110110000010
00111100111000
00111111111000
00111110110111
00111001111010
00110001010100
00100101101000
00010111100100
00001000000001
11110111111111
11101000011100
11011010011000
11001110101100
11000110000110
11000001001001
11000000001000
11000011001000
11001001111110
11010100001100
11100001001011
11110000000101
00000000000000
00001111111011
00011110110101
00101011110100
00110110000010
00111100111000
00111111111000
00111110110111
00111001111010
00110001010100
00100101101000
00010111100100
00001000000001
11110111111111
11101000011100
11011010011000
11001110101100
11000110000110
11000001001001
11000000001000
11000011001000
11001001111110
11010100001100
11100001001011
11110000000101
00000000000000
00001111111011
00011110110101
00101011110100
00110110000010
00111100111000
00111111111000
00111110110111
00111001111010
00110001010100
00100101101000
00010111100100
00001000000001
11110111111111
11101000011100
11011010011000
11001110101100
11000110000110
11000001001001
11000000001000
11000011001000
11001001111110
11010100001100
11100001001011
11110000000101
00000000000000
00001111111011
00011110110101
00101011110100
00110110000010
00111100111000
00111111111000
00111110110111
00111001111010
00110001010100
00100101101000
00010111100100
00001000000001
11110111111111
11101000011100
11011010011000
11001110101100
11000110000110
11000001001001
11000000001000
11000011001000
11001001111110
11010100001100
11100001001011
11110000000101
00000000000000
00001111111011
00011110110101
00101011110100
00110110000010
00111100111000
00111111111000
00111110110111
00111001111010
00110001010100
00100101101000
00010111100100
00001000000001
11110111111111
11101000011100
11011010011000
11001110101100
11000110000110
11000001001001
11000000001000
11000011001000
11001001111110
11010100001100
11100001001011
11110000000101
00000000000000
00001111111011
00011110110101
00101011110100
00110110000010
00111100111000
00111111111000
00111110110111
00111001111010
00110001010100
00100101101000
00010111100100
00001000000001
11110111111111
11101000011100
11011010011000
11001110101100
11000110000110
11000001001001
11000000001000
11000011001000
11001001111110
11010100001100
11100001001011
11110000000101
00000000000000
00001111111011
00011110110101
00101011110100
00110110000010
00111100111000
00111111111000
00111110110111
00111001111010
00110001010100
00100101101000
00010111100100
00001000000001
11110111111111
11101000011100
11011010011000
11001110101100
11000110000110
11000001001001
11000000001000
11000011001000
11001001111110
11010100001100
11100001001011
11110000000101
00000000000000
00001111111011
00011110110101
00101011110100
00110110000010
00111100111000
00111111111000
00111110110111
00111001111010
00110001010100
00100101101000
00010111100100
00001000000001
11110111111111
11101000011100
11011010011000
11001110101100
11000110000110
11000001001001
11000000001000
11000011001000
11001001111110
11010100001100
11100001001011
11110000000101
00000000000000
00001111111011
00011110110101
00101011110100
00110110000010
00111100111000
00111111111000
00111110110111
00111001111010
00110001010100
00100101101000
00010111100100
00001000000001
11110111111111
11101000011100
11011010011000
11001110101100
11000110000110
11000001001001
11000000001000
11000011001000
11001001111110
11010100001100
11100001001011
11110000000101
00000000000000
00001111111011
00011110110101
00101011110100
00110110000010
00111100111000
00111111111000
00111110110111
00111001111010
00110001010100
00100101101000
00010111100100
00001000000001
11110111111111
11101000011100
11011010011000
11001110101100
11000110000110
11000001001001
11000000001000
11000011001000
11001001111110
11010100001100
11100001001011
11110000000101
00000000000000
00001111111011
00011110110101
00101011110100
00110110000010
00111100111000
00111111111000
00111110110111
00111001111010
00110001010100
00100101101000
00010111100100
00001000000001
11110111111111
11101000011100
11011010011000
11001110101100
11000110000110
11000001001001
11000000001000
11000011001000
11001001111110
11010100001100
11100001001011
11110000000101
00000000000000
00001111111011
00011110110101
00101011110100
00110110000010
00111100111000
00111111111000
00111110110111
00111001111010
00110001010100
00100101101000
00010111100100
00001000000001
11110111111111
11101000011100
11011010011000
11001110101100
11000110000110
11000001001001
11000000001000
11000011001000
11001001111110
11010100001100
11100001001011
11110000000101
00000000000000
00001111111011
00011110110101
00101011110100
00110110000010
00111100111000
00111111111000
00111110110111
00111001111010
00110001010100
00100101101000
00010111100100
00001000000001
11110111111111
11101000011100
11011010011000
11001110101100
11000110000110
11000001001001
11000000001000
11000011001000
11001001111110
11010100001100
11100001001011
11110000000101
00000000000000
00001111111011
00011110110101
00101011110100
00110110000010
00111100111000
00111111111000
00111110110111
00111001111010
00110001010100
00100101101000
00010111100100
00001000000001
11110111111111
11101000011100
11011010011000
11001110101100
11000110000110
11000001001001
11000000001000
11000011001000
11001001111110
11010100001100
11100001001011
11110000000101
00000000000000
00001111111011
00011110110101
00101011110100
00110110000010
00111100111000
00111111111000
00111110110111
00111001111010
00110001010100
00100101101000
00010111100100
00001000000001
11110111111111
11101000011100
11011010011000
11001110101100
11000110000110
11000001001001
11000000001000
11000011001000
11001001111110
11010100001100
11100001001011
11110000000101
00000000000000
00001111111011
00011110110101
00101011110100
00110110000010
00111100111000
00111111111000
00111110110111
00111001111010
00110001010100
00100101101000
00010111100100
00001000000001
11110111111111
11101000011100
11011010011000
11001110101100
11000110000110
11000001001001
11000000001000
11000011001000
11001001111110
11010100001100
11100001001011
11110000000101
00000000000000
00001111111011
00011110110101
00101011110100
00110110000010
00111100111000
00111111111000
00111110110111
00111001111010
00110001010100
00100101101000
00010111100100
00001000000001
11110111111111
11101000011100
11011010011000
11001110101100
11000110000110
11000001001001
11000000001000
11000011001000
11001001111110
11010100001100
11100001001011
11110000000101
00000000000000
00001111111011
00011110110101
00101011110100
00110110000010
00111100111000
00111111111000
00111110110111
00111001111010
00110001010100
00100101101000
00010111100100
00001000000001
11110111111111
11101000011100
11011010011000
11001110101100
11000110000110
11000001001001
11000000001000
11000011001000
11001001111110
11010100001100
11100001001011
11110000000101
00000000000000
00001111111011
00011110110101
00101011110100
00110110000010
00111100111000
00111111111000
00111110110111
00111001111010
00110001010100
00100101101000
00010111100100
00001000000001
11110111111111
11101000011100
11011010011000
11001110101100
11000110000110
11000001001001
11000000001000
11000011001000
11001001111110
11010100001100
11100001001011
11110000000101
00000000000000
00001111111011
00011110110101
00101011110100
00110110000010
00111100111000
00111111111000
00111110110111
00111001111010
00110001010100
00100101101000
00010111100100
00001000000001
11110111111111
11101000011100
11011010011000
11001110101100
11000110000110
11000001001001
11000000001000
11000011001000
11001001111110
11010100001100
11100001001011
11110000000101
00000000000000
00001111111011
00011110110101
00101011110100
00110110000010
00111100111000
00111111111000
00111110110111
00111001111010
00110001010100
00100101101000
00010111100100
00001000000001
11110111111111
11101000011100
11011010011000
11001110101100
11000110000110
11000001001001
11000000001000
11000011001000
11001001111110
11010100001100
11100001001011
11110000000101
00000000000000
00001111111011
00011110110101
00101011110100
00110110000010
00111100111000
00111111111000
00111110110111
00111001111010
00110001010100
00100101101000
00010111100100
00001000000001
11110111111111
11101000011100
11011010011000
11001110101100
11000110000110
11000001001001
11000000001000
11000011001000
11001001111110
11010100001100
11100001001011
11110000000101
00000000000000
00001111111011
00011110110101
00101011110100
00110110000010
00111100111000
00111111111000
00111110110111
00111001111010
00110001010100
00100101101000
00010111100100
00001000000001
11110111111111
11101000011100
11011010011000
11001110101100
11000110000110
11000001001001
11000000001000
11000011001000
11001001111110
11010100001100
11100001001011
11110000000101
00000000000000
00001111111011
00011110110101
00101011110100
00110110000010
00111100111000
00111111111000
00111110110111
00111001111010
00110001010100
00100101101000
00010111100100
00001000000001
11110111111111
11101000011100
11011010011000
11001110101100
11000110000110
11000001001001
11000000001000
11000011001000
11001001111110
11010100001100
11100001001011
11110000000101
00000000000000
00001111111011
00011110110101
00101011110100
00110110000010
00111100111000
00111111111000
00111110110111
00111001111010
00110001010100
00100101101000
00010111100100
00001000000001
11110111111111
11101000011100
11011010011000
11001110101100
11000110000110
11000001001001
11000000001000
11000011001000
11001001111110
11010100001100
11100001001011
11110000000101
00000000000000
00001111111011
00011110110101
00101011110100
00110110000010
00111100111000
00111111111000
00111110110111
00111001111010
00110001010100
00100101101000
00010111100100
00001000000001
11110111111111
11101000011100
11011010011000
11001110101100
11000110000110
11000001001001
11000000001000
11000011001000
11001001111110
11010100001100
11100001001011
11110000000101
00000000000000
00001111111011
00011110110101
00101011110100
00110110000010
00111100111000
00111111111000
00111110110111
00111001111010
00110001010100
00100101101000
00010111100100
00001000000001
11110111111111
11101000011100
11011010011000
11001110101100
11000110000110
11000001001001
11000000001000
11000011001000
11001001111110
11010100001100
11100001001011
11110000000101
00000000000000
00001111111011
00011110110101
00101011110100
00110110000010
00111100111000
00111111111000
00111110110111
00111001111010
00110001010100
00100101101000
00010111100100
00001000000001
11110111111111
11101000011100
11011010011000
11001110101100
11000110000110
11000001001001
11000000001000
11000011001000
11001001111110
11010100001100
11100001001011
11110000000101
00000000000000
00001111111011
00011110110101
00101011110100
00110110000010
00111100111000
00111111111000
00111110110111
00111001111010
00110001010100
00100101101000
00010111100100
00001000000001
11110111111111
11101000011100
11011010011000
11001110101100
11000110000110
11000001001001
11000000001000
11000011001000
11001001111110
11010100001100
11100001001011
11110000000101
00000000000000
00001111111011
00011110110101
00101011110100
00110110000010
00111100111000
00111111111000
00111110110111
00111001111010
00110001010100
00100101101000
00010111100100
00001000000001
11110111111111
11101000011100
11011010011000
11001110101100
11000110000110
11000001001001
11000000001000
11000011001000
11001001111110
11010100001100
11100001001011
11110000000101
00000000000000
00001111111011
00011110110101
00101011110100
00110110000010
00111100111000
00111111111000
00111110110111
00111001111010
00110001010100
00100101101000
00010111100100
00001000000001
11110111111111
11101000011100
11011010011000
11001110101100
11000110000110
11000001001001
11000000001000
11000011001000
11001001111110
11010100001100
11100001001011
11110000000101
00000000000000
00001111111011
00011110110101
00101011110100
00110110000010
00111100111000
00111111111000
00111110110111
00111001111010
00110001010100
00100101101000
00010111100100
00001000000001
11110111111111
11101000011100
11011010011000
11001110101100
11000110000110
11000001001001
11000000001000
11000011001000
11001001111110
11010100001100
11100001001011
11110000000101
00000000000000
00001111111011
00011110110101
00101011110100
00110110000010
00111100111000
00111111111000
00111110110111
00111001111010
00110001010100
00100101101000
00010111100100
00001000000001
11110111111111
11101000011100
11011010011000
11001110101100
11000110000110
11000001001001
11000000001000
11000011001000
11001001111110
11010100001100
11100001001011
11110000000101
00000000000000
00001111111011
00011110110101
00101011110100
00110110000010
00111100111000
00111111111000
00111110110111
00111001111010
00110001010100
00100101101000
00010111100100
00001000000001
11110111111111
11101000011100
11011010011000
11001110101100
11000110000110
11000001001001
11000000001000
11000011001000
11001001111110
11010100001100
11100001001011
11110000000101
00000000000000
00001111111011
00011110110101
00101011110100
00110110000010
00111100111000
00111111111000
00111110110111
00111001111010
00110001010100
00100101101000
00010111100100
00001000000001
11110111111111
11101000011100
11011010011000
11001110101100
11000110000110
11000001001001
11000000001000
11000011001000
11001001111110
11010100001100
11100001001011
11110000000101
00000000000000
00001111111011
00011110110101
00101011110100
00110110000010
00111100111000
00111111111000
00111110110111
00111001111010
00110001010100
00100101101000
00010111100100
00001000000001
11110111111111
11101000011100
11011010011000
11001110101100
11000110000110
11000001001001
11000000001000
11000011001000
11001001111110
11010100001100
11100001001011
11110000000101
00000000000000
00001111111011
00011110110101
00101011110100
00110110000010
00111100111000
00111111111000
00111110110111
00111001111010
00110001010100
00100101101000
00010111100100
00001000000001
11110111111111
11101000011100
11011010011000
11001110101100
11000110000110
11000001001001
11000000001000
11000011001000
11001001111110
11010100001100
11100001001011
11110000000101
00000000000000
00001111111011
00011110110101
00101011110100
00110110000010
00111100111000
00111111111000
00111110110111
00111001111010
00110001010100
00100101101000
00010111100100
00001000000001
11110111111111
11101000011100
11011010011000
11001110101100
11000110000110
11000001001001
11000000001000
11000011001000
11001001111110
11010100001100
11100001001011
11110000000101
00000000000000
00001111111011
00011110110101
00101011110100
00110110000010
00111100111000
00111111111000
00111110110111
00111001111010
00110001010100
00100101101000
00010111100100
00001000000001
11110111111111
11101000011100
11011010011000
11001110101100
11000110000110
11000001001001
11000000001000
11000011001000
11001001111110
11010100001100
11100001001011
11110000000101
00000000000000
00001111111011
00011110110101
00101011110100
00110110000010
00111100111000
00111111111000
00111110110111
00111001111010
00110001010100
00100101101000
00010111100100
00001000000001
11110111111111
11101000011100
11011010011000
11001110101100
11000110000110
11000001001001
11000000001000
11000011001000
11001001111110
11010100001100
11100001001011
;