11110011101100
00100101010110
01011111110100
00001001111100
00111001010101
00010111111100
01100001001110
01100010111101
00001111010110
01100011000101
00001001110110
00011101010111
00100100001010
11111011110000
00100011001101
00100000110110
11010010001111
10010101010001
10110111110011
10101010011011
10101111100100
10101101000110
11010110001100
00010111000110
11011101110001
11111000110100
00101101110010
00111101111000
00111000001111
01010000010011
01010011001010
00110110000110
01001001110110
00110010010000
00011010010010
00110101111000
00011001010010
00000011001111
11111111011101
00000001101110
11100100011100
11010011101011
11001101010000
11000010011100
10101100010011
11010111010010
11101110000010
11000110100001
00010010100001
11101011100101
11111001110001
11111000111100
00001010100011
00010011011011
00111111000110
01100101110000
01001101011000
01010100101111
01011100010001
11110001010101
00100001010101
00100000100110
00011010011001
11010110100101
11001110101100
11101110101000
11001011101101
11010100010000
10101000100011
10010110010011
11010110101000
11101000100001
11111101111110
10111001111100
11001101110111
11011010010001
00001110110110
00001111000101
01001101011101
00010000110010
00010000010001
01000101001000
01011101011010
00100101010111
00010000111010
00100001110011
11101101101011
00001000011110
00001101001100
11101110000001
10101001100000
11000000111100
10111110010111
11101111100100
11010111100011
11000001101011
11101011011111
10111001011100
11011000010000
00010100010000
00100110011110
00100010100111
00101011011001
00011100110100
01001001000111
00100111101011
01001110100101
01000110000101
01010111000101
00100110011010
00110101111010
00101011110111
11110001000001
11111011111111
00010001010101
11011101010001
11000110110010
11010001110010
10111010000110
11001011011110
10111111101100
11001001100000
11011111111111
00000100000011
11111011101010
00101010001101
11011011111111
00010011010101
00110001110111
00100000101010
00011100001101
01001111101011
01001110100011
01000001010100
00111011011100
00001111010101
00001010110100
00000101010011
11100110011000
11110000111100
00010110111100
11000010010110
11010110101011
10100110101010
11100010011011
10101010010101
11001111010100
11000100010111
11101110010010
11110000011000
11111110111000
01011011011010
00001110101101
00101010100111
01111010101110
00011111100001
01001110000010
00100011010100
01010100010011
00111001101101
00110110010100
00010000011011
00001110010011
00011101101011
10101110001101
10110000100100
11011001010101
10110101010101
10111001100011
10011001110100
10101011111110
10111111100111
11000001100111
11001010111111
11100101010010
11100111111000
00110010010001
00000101100010
01011010010110
00101100011101
00010111101101
00110000000010
01010110110011
01010100111100
00110101011011
00101100111110
00100111110001
11100010101011
11101001000110
10111001100110
11001110111001
11100110111111
11011000011101
11111011101101
11000100011001
10001011111011
11110101001110
11110101000001
11010010010000
11110101110010
00010011111101
00011001110001
00110000101010
00101000111011
00110101000011
00111111001000
00101011101010
01100011010011
00111010000101
01000010111001
00001111101111
11111100000010
00000101101100
11110001100000
00000111000010
11101001111001
11011100100010
10100001000110
10101000010111
11000101010011
10111010001111
11101010111111
11110110100001
11010010010011
00000110011111
00100011101110
00011000001001
01001000011001
01000111000001
00111011100001
01010011010100
01000100110110
00110100010000
01000011000101
00110010001111
00011100010010
01000100111001
00001101101100
00111101111000
11100000110111
11101000110101
11110111001101
00001011111101
11001000111010
10101011111001
11010111101101
10101000001011
11001101001011
11101000001000
00010110001110
00100100110011
00001111001101
00110110011111
00100011100110
01000110111110
01101101111010
01000011111001
00110111001011
00101101000111
01000011101010
01000111110111
01001101111111
00001001011010
11111100001010
11011000010000
00000011101010
11001100110000
10111001111110
11111001000011
11010100110111
11010101011110
10110000001110
11011111010011
11101110011111
11010100001000
11111010001110
00000101100011
00101100010110
00010010000010
01010001111011
01101010100100
00111000000110
00111110101001
01000110111000
01010000000111
00110010111111
00100001101110
11111011101010
11110010000011
11111000001001
00000101011110
11011101001111
10100111001110
11001100001110
10111101110001
10111100111001
11000100010111
10111101101011
11011000111101
11011100000000
11110110101010
00010010111011
00100011010011
00100110010011
00110010001000
00111101101111
01001011100111
01011111101011
01001001110010
00101001111110
00110100111011
00010001010010
11011010011100
10111011111001
10111100100101
11010100010100
10111110110101
10110011101010
11000010001011
10101111010000
10110010111111
11011001100100
11101000001110
00011111100011
11110111110101
00000001100000
00000001001110
00011001110101
00101010100001
00001001000110
00110110010010
01010011000100
00110000010000
01000110100100
01001010101100
01000001001100
00101011011101
11001110001011
11101001100010
11111111100001
11100100011111
11001110110100
11010001010010
11011110000100
11000100000100
10101111101110
11000101010110
11001110111000
11111000001000
11111010101001
00001110000001
00010011101101
00010101100100
00101101011000
00111011100101
00011001000101
01000100011101
01010110100111
00110111000110
01011001100100
00110011111110
00001100110011
00000100000101
11110000111100
11101110100111
11101101101101
11000111001110
11010001110101
11101110000100
11010111111110
11011000010001
10110101000111
11000110100001
11100111011000
11101101100000
11010110011010
11101001001001
00111001000111
00011000011010
01101011010000
00000011111111
01001011010111
00111110111000
00100110100011
00111011101010
00010001010011
00101101100101
00001001101111
11001110000001
10101010010111
11010011000111
11101100000001
11001010101111
11000010100001
11010001101111
10011111011110
11101110011101
10111101010100
11100010001001
11100110110010
00000011110101
11011110001001
01000101110110
00111001110010
01101001011111
01100001001001
01000000001011
00100110110101
00001101011001
00110001110000
00101011001111
00110010010101
11101111101011
00001100010101
11101010010001
11000110100101
11100010100000
11001100111001
10111011000111
11110000001100
11010010101111
11000111001001
11011011010011
11100011011001
11110100100010
00001011100111
00000000011110
00001010011011
00110101000011
01100110010011
00110101000001
00100101111101
00111000110001
00101101100001
00101000111100
00110001110011
00010100001111
11111000110100
11101100101000
11000110100101
11000100011000
10101010100001
10111000111000
10100101010111
10101110000001
10111011011010
10101011001111
11010011101100
11101001111000
11010111011011
00011100100001
11100111010100
00010100110011
00000101110011
00101101001110
00011010111110
00110001001010
00101011111010
00011011100101
11111100011101
00110100000101
01001010110001
01000000111100
11101011011000
11100111010001
11001110011101
11010000101000
10101110100101
10010000000000
10111111001100
10100011110001
10011001010001
00010000111110
11011011001100
11111010011011
00011110100010
11100100110010
00101001011010
00111000101010
00111000001010
01000000111010
00110010010111
01010001011000
00100100001010
00011100111011
00111000001100
01000010101111
11111110001000
11101011000011
11110010111001
11110101110101
11100111011110
11001101000000
10110000111001
11010000010000
11000001000111
11101101001110
10110000001001
11100100110010
00010001000110
11110011010101
11111111111011
00000110111100
00100100101011
00110000111010
01000000011000
00101001010001
01000000111111
00101010011101
00100111111000
00010000001010
00010000010101
01100011011010
01001111001110
00000101110011
11101110100010
10101101111110
10110111001000
10110001010010
11001101110101
11001111100000
11001100101111
11001011011111
11001001011110
11110000001110
00011101001010
00011010110111
00100011011110
00111100101001
01000101000000
00010011011111
01000000010111
00110011111110
00000101110110
00001111010011
00011101011011
00101100101100
00000010001010
11111110101100
11010001011101
10100011001010
11010001000110
10101101101111
11011111001010
11101100100011
10111001100111
11101000100000
11101100100111
10111100111100
11101111001111
00000110101100
00011101010100
00110000001010
00111101000101
01000111011010
00110100110111
01001001100101
00000101001100
00011100000000
01010000000101
00010100101101
00011111111101
00101110101000
11100001001110
11001111111000
11001101110001
11011001111111
11000000110110
10101000000111
10010111110111
10111001101010
11000100010011
11000110011111
11011010011110
11010100000011
00001110000100
11011000010000
00100010100010
00111100111100
00100000010100
00111011011010
01000111010110
00101111001000
00111001100100
00111011110111
00001101101000
00101100111100
00100100000011
00000000001101
11101000110101
10111100100101
11011011010111
10100110111110
11101001110111
11001101100111
11001001111010
10111111111001
10011100011110
11000010100100
11111001011100
00111101110001
00100010110111
00100110110001
00011101111100
00111001001011
01010101100000
00111001011000
01101111010011
00011010101011
00100111101100
00100110111101
11100101100011
00010110100000
11111001111110
11101010100000
11101110101110
11101001011010
11011010101000
10110101001000
10111110111100
11001100001100
10101001110010
10111001101011
11010110001111
11110010000101
00101101110110
00100100010101
00010011100000
00011011101101
01011101010011
10000010110110
01000100001010
00110010100111
00010101110000
01001010010001
00101101000010
00110101011001
11110000110001
11111110001001
11010111101101
11111011000001
11000000100101
11000011110111
10111000001111
11011001100101
11001110000110
10110000010000
11000011111111
11000110011001
11111101000010
00001000100000
11100110000011
11101110000001
00101010110010
01000111111001
01000001001100
00011000010111
00010111001001
01010000000111
00101101100110
00011011101111
00111001010000
11110011101000
11111011011101
11110011001001
11101111011000
10111000110100
11001111001111
00000111100000
10011001011001
11001110010000
11000100000101
10111111000001
11001011111000
11111100110101
00111011010010
11111011100110
00101100101100
00011101100000
01101000101001
01001010110100
00111100010110
01001110101111
00111001110001
01001101101010
00100000110111
11111010110111
00001110010101
00011111111100
11001001110100
11010100001011
11101000011010
10010100111100
11010001001001
11010011011010
11001000100110
10110110010000
11010100000000
11100011100011
00001000000010
00010000111111
00000110111101
01001000010011
00101010100001
00100001001111
00110001101001
01010101110111
01000011110111
01010000101010
00110011000101
01100101010010
11101100111011
11111101011000
11110101110101
11101010101110
11111111101010
11010100010100
11000011001010
11000010111001
11010011010111
10110001011111
11010101100000
10101100001000
11011111001010
11010111111110
11101111010010
00010111001010
00000010000010
00010010100000
00001111001111
00000011110100
00111100000000
01011100101000
00110101010000
00101011010101
00001010110101
01000000000110
00000001101001
00011001000111
11110001101101
11010011101001
11101010011001
11011111001111
10111110010010
11100001010011
11110000101111
11001000010010
11001101101001
11101011100010
11111001000110
00010100101011
00001001011000
00110001001001
01000110101010
00111010100101
01000000110011
00011111110001
00100000110110
00010100100000
00010001011101
00100001101001
11101110001110
01000001100001
00001010111010
10110011100001
10111100110101
11001011111100
10011010001111
10110101010111
11011100000100
10111110111100
11001000001111
10111010100011
11010010111100
11001101011111
00001001010101
00000100010110
00110010111001
01001011011111
01010001100111
00111011111110
00110010111110
00011111100010
00111100111100
01001001111000
00011100111001
00010011001000
00010111110011
00001110000110
11000100001011
11011111100000
11010011101101
11000010001110
11010111111111
10110110110011
10101101111111
11010001000010
11011111111101
11011011100110
00000100011110
11011001001001
11110100011001
11010000001100
00111001001010
00011100101011
00110110011001
01011001101101
01000000001011
00101110101001
00011011100110
00011111011110
00100111000000
11100001001101
11110110001111
11111100011110
10110110000001
11011111110101
11010111100101
10101010100011
10011001100111
11001110001110
11011110101010
11100011000001
11110100101101
11010001110101
00001110111101
00000001000100
00010000011110
00000011111111
01010010001101
01000001010110
01011001100100
01100101100011
00011100110011
01000001110010
00100101010011
00101110111110
00100100011000
00001100111111
11010011100001
11010111001001
11010101011101
00010110111101
11100000100010
11111011100010
11001101110000
11001111011001
11100011111001
11010011101010
00001111111000
11111011111110
11101100110000
00110101001000
00000011101010
00000110110101
01000100010000
00100111100010
00100111100011
00110101110001
00100100110011
00011111111011
00011110100010
11101010000111
11011000101001
10110010101100
11010000011001
11011111101100
10110100000111
11001101111110
11001101111101
11011100100000
11100011010011
11000010100011
11001011001111
11110001010101
11101110111111
00110101000111
01000010001010
00101110010000
00101011000111
01001001111100
00101111000101
00111011101011
00101100010101
00110100000001
01000010100000
00101010100100
00100101010011
11100000100100
11101101000011
11000001001101
11011000100010
11001110011011
11100010010100
11011100010001
11010011110111
10111101000010
11001000000000
10101100101001
11100100100111
11011000010011
00100111101110
00110101111011
00101111010110
00101100010110
01000000100010
01101000111110
01100001011010
00101110011011
00110101101000
00001000111100
00100001110100
00011010111100
00001111000001
11000001001111
11100111010011
10111000100100
10111100011101
11010101010100
11000111110001
10111110111100
11011001100000
11111110000010
11010001001101
11001101100001
11100010010000
11110111110000
00001101101010
00111010100101
00000000101001
01000010111010
00101011111101
01011011000001
00100100000000
00110001100000
00001101100111
00000110000111
00000001010111
11110010001000
11011011000000
11110111010001
11011100110001
11110101100101
10111010000010
11011011011100
10001101011001
11011010010100
11011101101101
11010111100110
00000001111001
00010110011110
00101010011000
00101001100101
00111011001101
00100100110010
00100000110101
00111001000001
01000011101001
01010010010000
00011101000101
00011001000110
01100011101101
11111000000101
00101001001001
00000001000011
11001100000111
11001011111101
11000000100101
11001101010000
11100011000110
10011001001101
11111101110001
11101000000110
11010011000111
11101100110111
00000111101011
00010111100000
00111101100101
01000111101110
00101100110111
00111001100011
01010010101010
01000001111101
01010111000000
00011111101111
00110001101100
00011110111100
00101011101010
11010101100010
11101000011101
11011011110000
10010010101111
11100110000011
00001001000011
10111010001100
11001010011111
10111110000100
11011110000010
11010111011100
11101101011111
00101001011011
11111010001111
00010000000110
00101001111000
00110010101001
01100001101110
01110011111000
00100101110101
00101001100000
00111110101001
00011011111000
01001010100101
00110001111010
00000110010011
11110110111000
11010001101110
11100010001111
11100010111101
11000100110001
11110001011111
11010100010011
11000111001001
11011101101100
11111101001111
;